14
1 1 0
1 2 11
1 3 20
1 4 27
1 5 40
1 6 43
1 7 39
1 8 28
1 9 18
1 10 10
1 11 18
1 12 30
1 13 30
1 14 32
2 2 0
2 3 9
2 4 16
2 5 29
2 6 32
2 7 28
2 8 19
2 9 11
2 10 4
2 11 17
2 12 23
2 13 21
2 14 24
3 3 0
3 4 7
3 5 20
3 6 22
3 7 19
3 8 15
3 9 10
3 10 11
3 11 21
3 12 21
3 13 13
3 14 18
4 4 0
4 5 13
4 6 16
4 7 12
4 8 13
4 9 13
4 10 18
4 11 26
4 12 21
4 13 11
4 14 17
5 5 0
5 6 3
5 7 2
5 8 21
5 9 25
5 10 31
5 11 38
5 12 27
5 13 16
5 14 20
6 6 0
6 7 4
6 8 23
6 9 28
6 10 33
6 11 41
6 12 30
6 13 17
6 14 20
7 7 0
7 8 22
7 9 25
7 10 29
7 11 38
7 12 28
7 13 13
7 14 17
8 8 0
8 9 9
8 10 22
8 11 18
8 12 7
8 13 25
8 14 30
9 9 0
9 10 13
9 11 12
9 12 12
9 13 23
9 14 28
10 10 0
10 11 20
10 12 27
10 13 20
10 14 23
11 11 0
11 12 15
11 13 35
11 14 39
12 12 0
12 13 31
12 14 37
13 13 0
13 14 5
14 14 0